

/Gem Systems GSM-19TG 0033531 v7.0 10 XII 2008 M t-e3.v7                            
/ID 99001 file 69exampl.b   21 IX 14
/datum  31303.40
/
/time nT sq 
101942.0  31322.42 56 
101952.0  31321.94 79 
102002.0  31323.00 69 
102012.0  31323.94 69 
102022.0  31322.62 78 
102032.0  31323.46 79 
102042.0  31322.43 68 
102052.0  31323.04 68 
102102.0  31322.76 57 
102112.0  31323.67 89 
102122.0  31323.92 98 
102132.0  31323.31 88 
102142.0  31323.59 98 
102152.0  31323.65 96 
102202.0  31323.67 98 
102212.0  31323.69 78 
102222.0  31324.30 88 
102232.0  31323.62 98 
102242.0  31323.44 89 
102252.0  31324.70 99 
102302.0  31322.87 98 
102312.0  31324.06 98 
102322.0  31322.93 79 
102332.0  31324.38 88 
102342.0  31323.39 98 
102352.0  31323.99 98 
102402.0  31324.08 99 
102412.0  31324.03 89 
102422.0  31323.34 88 
102432.0  31323.73 99 
102442.0  31324.06 99 
102452.0  31323.49 99 
102502.0  31324.19 79 
102512.0  31324.20 99 
102522.0  31323.91 99 
102532.0  31324.48 79 
102542.0  31324.06 98 
102552.0  31323.06 79 
102602.0  31324.55 89 
102612.0  31324.82 78 
102622.0  31324.36 89 
102632.0  31324.27 99 
102642.0  31324.30 88 
102652.0  31325.50 99 
102702.0  31324.33 98 
102712.0  31323.84 78 
102722.0  31324.58 99 
102732.0  31324.85 97 
102742.0  31324.17 98 
102752.0  31325.23 98 
102802.0  31324.56 87 
102812.0  31325.01 99 
102822.0  31324.67 98 
102832.0  31325.55 98 
102842.0  31325.72 78 
102852.0  31324.62 88 
102902.0  31325.06 98 
102912.0  31324.79 98 
102922.0  31326.19 88 
102932.0  31325.00 98 
102942.0  31324.61 97 
102952.0  31324.83 98 
103002.0  31324.82 88 
103012.0  31324.59 98 
103022.0  31324.86 97 
103032.0  31324.94 98 
103042.0  31324.72 98 
103052.0  31325.65 99 
103102.0  31324.83 99 
103112.0  31325.22 98 
103122.0  31325.46 98 
103132.0  31325.54 78 
103142.0  31325.51 98 
103152.0  31325.41 98 
103202.0  31325.58 89 
103212.0  31325.33 88 
103222.0  31324.35 88 
103232.0  31325.29 79 
103242.0  31325.33 98 
103252.0  31324.77 98 
103302.0  31325.66 98 
103312.0  31325.57 89 
103322.0  31324.78 99 
103332.0  31324.52 88 
103342.0  31325.00 79 
103352.0  31325.04 98 
103402.0  31324.93 98 
103412.0  31325.19 78 
103422.0  31325.52 99 
103432.0  31324.73 78 
103442.0  31325.24 89 
103452.0  31325.47 88 
103502.0  31325.62 78 
103512.0  31326.05 99 
103522.0  31326.12 98 
103532.0  31326.16 98 
103542.0  31326.35 99 
103552.0  31325.67 99 
103602.0  31325.44 98 
103612.0  31326.93 99 
103622.0  31325.77 98 
103632.0  31325.87 99 
103642.0  31326.12 88 
103652.0  31326.47 99 
103702.0  31325.85 99 
103712.0  31325.94 98 
103722.0  31325.53 88 
103732.0  31325.60 88 
103742.0  31325.88 99 
103752.0  31326.81 99 
103802.0  31326.55 88 
103812.0  31326.60 78 
103822.0  31325.68 78 
103832.0  31326.32 88 
103842.0  31325.89 98 
103852.0  31325.53 99 
103902.0  31325.53 98 
103912.0  31326.24 99 
103922.0  31325.73 68 
103932.0  31327.18 97 
103942.0  31324.76 98 
103952.0  31325.64 99 
104002.0  31325.53 98 
104012.0  31326.47 79 
104022.0  31326.07 98 
104032.0  31325.71 88 
104042.0  31325.73 99 
104052.0  31325.85 99 
104102.0  31325.88 78 
104112.0  31325.50 98 
104122.0  31325.98 89 
104132.0  31326.58 78 
104142.0  31325.95 87 
104152.0  31325.49 98 
104202.0  31326.54 89 
104212.0  31326.83 97 
104222.0  31326.22 89 
104232.0  31326.95 79 
104242.0  31325.71 77 
104252.0  31325.29 87 
104302.0  31325.79 98 
104312.0  31325.80 88 
104322.0  31325.58 97 
104332.0  31326.32 78 
104342.0  31325.81 98 
104352.0  31325.96 98 
104402.0  31326.73 78 
104412.0  31327.07 79 
104422.0  31326.35 88 
104432.0  31325.85 88 
104442.0  31326.49 98 
104452.0  31326.83 87 
104502.0  31326.17 98 
104512.0  31325.72 98 
104522.0  31326.44 98 
104532.0  31325.79 99 
104542.0  31326.68 88 
104552.0  31326.54 97 
104602.0  31325.96 98 
104612.0  31326.29 98 
104622.0  31326.83 78 
104632.0  31326.64 98 
104642.0  31326.22 99 
104652.0  31326.47 99 
104702.0  31326.44 88 
104712.0  31327.01 98 
104722.0  31326.93 99 
104732.0  31326.33 78 
104742.0  31326.57 98 
104752.0  31325.79 98 
104802.0  31325.95 98 
104812.0  31326.72 98 
104822.0  31327.66 78 
104832.0  31326.68 98 
104842.0  31328.86 99 
104852.0  31327.43 99 
104902.0  31326.52 98 
104912.0  31326.61 88 
104922.0  31326.56 99 
104932.0  31326.41 77 
104942.0  31327.15 79 
104952.0  31327.42 87 
105002.0  31327.35 98 
105012.0  31325.51 77 
105022.0  31327.39 88 
105032.0  31327.17 98 
105042.0  31325.86 97 
105052.0  31326.64 98 
105102.0  31325.71 67 
105112.0  31326.55 98 
105122.0  31325.99 99 
105132.0  31325.99 98 
105142.0  31326.36 88 
105152.0  31326.03 98 
105202.0  31326.02 79 
105212.0  31327.75 69 
105222.0  31327.31 87 
105232.0  31326.10 77 
105242.0  31326.75 78 
105252.0  31326.94 78 
105302.0  31326.65 78 
105312.0  31327.39 98 
105322.0  31326.43 78 
105332.0  31326.30 78 
105342.0  31326.90 78 
105352.0  31325.79 97 
105402.0  31326.58 77 
105412.0  31326.83 98 
105422.0  31327.17 88 
105432.0  31326.25 98 
105442.0  31326.76 97 
105452.0  31328.13 88 
105502.0  31326.38 98 
105512.0  31327.56 88 
105522.0  31326.79 88 
105532.0  31327.56 99 
105542.0  31326.15 98 
105552.0  31327.56 98 
105602.0  31327.41 87 
105612.0  31327.09 99 
105622.0  31327.21 98 
105632.0  31326.67 97 
105642.0  31326.34 97 
105652.0  31326.78 97 
105702.0  31327.27 97 
105712.0  31326.56 97 
105722.0  31327.60 78 
105732.0  31327.73 67 
105742.0  31327.22 67 
105752.0  31327.59 88 
105802.0  31326.39 98 
105812.0  31327.22 78 
105822.0  31327.21 97 
105832.0  31327.91 97 
105842.0  31327.53 89 
105852.0  31326.46 88 
105902.0  31326.65 97 
105912.0  31326.89 99 
105922.0  31326.39 78 
105932.0  31327.19 78 
105942.0  31325.87 79 
105952.0  31327.05 87 
110002.0  31326.59 98 
110012.0  31326.09 98 
110022.0  31326.42 78 
110032.0  31326.47 79 
110042.0  31326.87 98 
110052.0  31326.98 88 
110102.0  31325.78 87 
110112.0  31326.15 77 
110122.0  31326.32 97 
110132.0  31327.36 98 
110142.0  31326.72 98 
110152.0  31325.82 99 
110202.0  31326.76 87 
110212.0  31326.46 68 
110222.0  31326.58 97 
110232.0  31326.59 98 
110242.0  31326.34 97 
110252.0  31326.63 78 
110302.0  31327.33 88 
110312.0  31326.64 98 
110322.0  31326.85 77 
110332.0  31327.70 88 
110342.0  31327.22 98 
110352.0  31325.67 98 
110402.0  31327.33 78 
110412.0  31326.96 98 
110422.0  31326.66 97 
110432.0  31327.81 88 
110442.0  31326.59 98 
110452.0  31327.26 98 
110502.0  31327.13 97 
110512.0  31327.71 98 
110522.0  31327.60 78 
110532.0  31327.84 87 
110542.0  31326.69 97 
110552.0  31327.15 77 
110602.0  31327.72 98 
110612.0  31327.82 98 
110622.0  31330.52 97 
110632.0  31329.29 88 
110642.0  31329.64 78 
110652.0  31331.35 97 
110702.0  31330.00 96 
110712.0  31329.65 97 
110722.0  31330.89 97 
110732.0  31328.85 88 
110742.0  31329.27 78 
110752.0  31330.75 78 
110802.0  31330.46 88 
110812.0  31330.42 97 
110822.0  31329.51 88 
110832.0  31329.06 98 
110842.0  31329.59 88 
110852.0  31329.72 97 
110902.0  31330.19 97 
110912.0  31330.56 98 
110922.0  31329.68 98 
110932.0  31329.86 87 
110942.0  31329.43 78 
110952.0  31328.85 58 
111002.0  31330.59 88 
111012.0  31331.20 98 
111022.0  31329.59 97 
111032.0  31329.50 77 
111042.0  31329.83 77 
111052.0  31330.23 98 
111102.0  31329.54 89 
111112.0  31330.34 98 
111122.0  31329.87 98 
111132.0  31330.33 99 
111142.0  31330.31 79 
111152.0  31329.79 97 
111202.0  31330.13 97 
111212.0  31330.30 78 
111222.0  31330.98 98 
111232.0  31330.26 98 
111242.0  31330.61 97 
111252.0  31330.53 98 
111302.0  31330.04 97 
111312.0  31329.91 99 
111322.0  31329.78 89 
111332.0  31331.32 98 
111342.0  31330.14 77 
111352.0  31330.03 78 
111402.0  31329.89 88 
111412.0  31334.81 77 


/Gem Systems GSM-19TG 0033531 v7.0 10 XII 2008 M t-e3.v7                            
/ID 99001 file 70exampl.b   21 IX 14
/datum  31303.40
/
