/time nT sq 
/ 151841.0 catados
153022.0  31269.30 99 
153032.0  31277.60 99 
153042.0  31258.13 99 
153052.0  31241.90 99 
153102.0  31248.10 99 
153112.0  31248.87 99 
153122.0  31243.20 99 
153132.0  31244.81 99 
153142.0  31246.51 99 
153152.0  31244.75 99 
153202.0  31240.49 99 
153212.0  31243.01 99 
153222.0  31244.73 99 
153232.0  31244.78 99 
153242.0  31245.37 99 
153252.0  31244.44 99 
153302.0  31245.01 99 
153312.0  31244.85 99 
153322.0  31244.71 99 
153332.0  31245.31 99 
153342.0  31244.93 99 
153352.0  31244.66 99 
153402.0  31245.08 99 
153412.0  31244.86 99 
153422.0  31244.45 99 
153432.0  31244.42 99 
153442.0  31245.06 89 
153452.0  31244.26 99 
153502.0  31244.87 99 
153512.0  31244.57 89 
153522.0  31244.19 99 
153532.0  31243.83 99 
153542.0  31244.13 99 
153552.0  31243.48 99 
153602.0  31242.95 89 
153612.0  31243.90 99 
153622.0  31243.40 99 
153632.0  31243.87 99 
153642.0  31244.48 99 
153652.0  31244.68 99 
153702.0  31244.06 99 
153712.0  31243.81 99 
153722.0  31243.30 99 
153732.0  31243.35 89 
153742.0  31243.82 99 
153752.0  31243.98 99 
153802.0  31243.41 99 
153812.0  31244.17 99 
153822.0  31244.01 99 
153832.0  31244.19 99 
153842.0  31243.88 99 
153852.0  31243.99 99 
153902.0  31243.69 99 
153912.0  31243.81 99 
153922.0  31243.60 79 
153932.0  31243.79 99 
153942.0  31243.47 99 
153952.0  31243.87 89 
154002.0  31243.86 79 
154012.0  31244.33 99 
154022.0  31243.56 99 
154032.0  31242.64 69 
154042.0  31242.57 89 
154052.0  31242.42 99 
154102.0  31243.22 99 
154112.0  31243.38 99 
154122.0  31243.63 79 
154132.0  31243.75 99 
154142.0  31243.81 99 
154152.0  31244.32 99 
154202.0  31244.35 99 
154212.0  31244.07 99 
154222.0  31243.04 99 
154232.0  31243.18 99 
154242.0  31242.80 99 
154252.0  31243.12 99 
154302.0  31243.19 99 
