DATOS GRAV GRUPO A																			
																			
1	4.0100002	309.8	4875.699	1.917	-27.6	7.9	-300	-0.05	60	0	9:01:09	41873.3752	0	9/23/2014				ESTACION	COMENTARIOS 
1	4.0100002	309.8	4860.164	2.408	-9.1	3.3	-300	-0.05	60	0	9:02:17	41873.37598	0	9/23/2014				4.01	
1	4.0100002	309.8	4842.437	2.501	-6.2	1.6	-300	-0.051	60	0	9:03:22	41873.37673	0	9/23/2014				4.02	
1	4.0100002	309.8	4822.615	2.755	8.5	0.3	-300	-0.052	60	0	9:04:27	41873.37749	0	9/23/2014				4.03	
1	4.0100002	309.8	4809.059	1.545	1	-0.2	-300	-0.052	11	0	9:05:33	41873.37825	0	9/23/2014				4.04	
1	4.02	309.8	3840.756	4.945	6.7	-2	-300	-0.07	60	0	9:33:46	41873.39781	0	9/23/2014				4.05	
1	4.02	309.8	3804.002	4.863	-3	-8.1	-300	-0.07	60	0	9:34:54	41873.3986	0	9/23/2014				4.06	
1	4.02	309.8	3767.514	4.839	-2.9	-8.5	-300	-0.07	60	0	9:35:59	41873.39935	0	9/23/2014				4.07	
1	4.02	309.8	3731.558	4.775	-7.9	-13.3	-300	-0.071	60	0	9:37:04	41873.4001	0	9/23/2014				4.08	
1	4.02	309.8	3696.057	4.711	-11.7	-13.3	-300	-0.071	60	0	9:38:09	41873.40085	0	9/23/2014				4.09	
1	4.02	309.8	3661.004	4.647	-13.2	-16	-300	-0.072	60	0	9:39:14	41873.4016	0	9/23/2014				4.1	
1	4.02	309.8	3626.413	4.62	-19.3	-10.2	-300	-0.072	60	0	9:40:19	41873.40235	0	9/23/2014				4.11	
1	4.02	309.8	3592.268	4.529	-21.2	-12	-300	-0.073	60	0	9:41:24	41873.4031	0	9/23/2014				4.12	
1	4.02	309.8	3564.426	4.346	-24.9	-11.4	-300	-0.073	37	0	9:42:30	41873.40387	0	9/23/2014				4.13	
1	4.0300002	309.8	3197.066	3.782	-6.6	0.7	-300	-0.078	60	0	9:54:58	41873.41251	0	9/23/2014				4.14	
1	4.0300002	309.8	3168.951	3.73	-11.3	5.2	-300	-0.078	60	0	9:56:06	41873.4133	0	9/23/2014				4.15	
1	4.0300002	309.8	3141.298	3.686	-9.8	4.4	-300	-0.078	59	0	9:57:12	41873.41406	0	9/23/2014				4.16	
1	4.04	309.8	2903.098	3.018	2.7	-0.9	-300	-0.081	40	0	10:07:19	41873.42107	0	9/23/2014				4.17	
1	4.0500002	309.8	2708.511	2.812	23	-5.4	-300	-0.082	60	0	10:16:21	41873.42734	0	9/23/2014				4.18	
1	4.0500002	309.8	2687.718	2.76	33.1	-6	-300	-0.082	60	0	10:17:29	41873.42812	0	9/23/2014				4.19	
1	4.0500002	309.8	2622.585	2.623	-4.2	7.8	-300	-0.083	60	0	10:20:56	41873.43051	0	9/23/2014				4.2	
1	4.0500002	309.8	2611.453	0.581	-3	8	-300	-0.083	3	0	10:22:05	41873.43131	0	9/23/2014				4.21	
1	4.0599999	309.8	2369.591	1.95	2.4	1.7	-300	-0.083	27	0	10:36:32	41873.44133	0	9/23/2014				4.22	
1	4.0700002	309.8	2120.278	1.619	2.7	5.8	-300	-0.079	60	0	10:55:31	41873.45449	0	9/23/2014				4.23	
1	4.0700002	309.8	2113.125	0.57	8.1	3.4	-300	-0.079	8	0	10:56:40	41873.45529	0	9/23/2014					
1	4.0799999	309.8	2013.643	1.391	11.4	-1.3	-300	-0.076	60	0	11:05:38	41873.46151	0	9/23/2014					
1	4.0799999	309.8	2006.474	1.017	11.8	-0.1	-300	-0.076	20	0	11:06:47	41873.4623	0	9/23/2014					
1	4.0900002	309.8	1783.087	0.896	-5.8	-6.1	-300	-0.062	60	0	11:35:33	41873.48225	0	9/23/2014					
1	4.0900002	309.8	1778.779	0.411	-7.1	-7	-300	-0.062	13	0	11:36:42	41873.48305	0	9/23/2014					
1	4.0999999	309.8	1753.101	0.056	-3.3	5.7	-248.29	-0.055	57	32	11:47:17	41873.49038	0	9/23/2014					
1	4.1100001	309.8	1753.902	0.067	-9.5	9.6	-87.78	-0.048	56	17	11:56:34	41873.49682	0	9/23/2014					
1	4.1199999	309.8	1756.291	0.039	3.6	-2.4	-26.79	-0.04	49	33	12:08:28	41873.50507	0	9/23/2014					
1	4.1300001	309.8	1749.471	0.06	1.7	-1.9	-12.49	-0.032	37	13	12:17:16	41873.51117	0	9/23/2014					
1	4.1399999	309.8	1743.536	0.03	6.9	1.4	-6.17 -	0.023	54  3	3 1	2:27:18	41873.51813	0	9/23/2014					
1	4.1500001	309.8	336.638	0	0	0	0.00 -0	0.008	0   0	12	:43:26	41873.52931	0.0000  2	014/09/23					
1	4.1599998	309.8	1773.169	0.059	2	6.7	-2.70 0	.085  6	0  27	14	:10:36	41873.58975	0.0000  2	014/09/23					
1	4.1700001	309.8	1735.835	0.069	3.6	5.3	-2.80 0	.139  3	8  18	15	:12:01	41873.63233	0.0000  2	014/09/23					
1	4.1799998	309.8	1736.007	0.034	4.9	-5.6	-2.80 0	.147  6	0  29	15	:24:17	41873.64084	0.0000  2	014/09/23					
1	4.1799998	309.8	1735.999	0.1	2.6	-5.3	-2.79 0	.148  2	5   5	15	:25:26	41873.64163	0.0000  2	014/09/23					
1	4.1900001	309.8	1737.703	0.123	-15.1	-22.3	-2.86 0	.153  6	0  27	15	:33:53	41873.64749	0.0000  2	014/09/23					
1	4.1900001	309.8	1737.705	0.281	-20.3	-25.7	-2.85 0	.153  3	5  23	15	:35:02	41873.64829	0.0000  2	014/09/23					
1	4.1900001	309.8	1737.698	0.11	6.3	-5.1	-2.85 0	.154  4	3   8	15	:36:11	41873.64909	0.0000  2	014/09/23					
1	4.1900001	309.8	633.771	2.394	-1608	7 1471.	9 -2.87	0.155	2	0 1	5:38:22	41873.6506	0	9/23/2014					
1	4.1999998	309.8	1773.261	0.015	2.6	-8.5	-2.75 0	.153  6	0  30	17	:33:03	41873.73011	0.0000  2	014/09/23					
1	4.1999998	309.8	1773.227	0.423	7.1	-4.9	-2.74 0	.152  2	2  13	17	:34:12	41873.73091	0.0000  2	014/09/23					
1	4.1999998	309.8	1773.255	0.028	23.2	-12.2	-2.75 0	.151  6	0  38	17	:35:27	41873.73178	0.0000  2	014/09/23					
1	4.1999998	309.8	1773.266	0.019	26.1	-12.6	-2.76 0	.151  6	0  19	17	:36:35	41873.73256	0.0000  2	014/09/23					
1	4.1999998	309.8	1773.253	0.044	-9.2	4.3	-2.82 0	.149  6	0  41	17	:39:24	41873.73452	0.0000  2	014/09/23					
1	4.1999998	309.8	1773.25	0.018	-9	3.3	-2.85 0	.148  6	0  32	17	:40:32	41873.7353	0.0000  2	014/09/23					
1	4.1999998	309.8	1773.254	0.017	-9.2	4	-2.88 0	.148  6	0  11	17	:41:37	41873.73605	0.0000  2	014/09/23					
1	4.1999998	309.8	1773.231	0.095	-9.6	3.7	-2.89 0	0.148	7   1	17	:42:43	41873.73682	0.0000  2	014/09/23					
1	4.21	309.8	1773.258	0.038	6.7	15.7	-2.91 0	.147  5	9  36	17	:43:11	41873.73714	0.0000  2	014/09/23					
1	4.2199998	309.8	1773.237	0.121	5	-4.6	-2.93 0	.146  1	6   8	17	:44:48	41873.73826	0.0000  2	014/09/23					
