
/	CG-5 SOFTWARE VER.:  4.2
/	CG-5 SURVEY
/	Survey name:   	prueba
/	Instrument S/N:	41120
/	Client:        	uniandes
/	Operator:      	ngp
/	Date:          	2013/12/10
/	Time:          	12:45:50
/	LONG:        	74.0000000 W
/	LAT:         	4.0000000 N
/	ZONE:        	5       
/	GMT DIFF.:   	4.0 

/	CG-5 SETUP PARAMETERS
/	Gref:		0.000   
/	Gcal1:		8268.747
/	TiltxS:		713.120 
/	TiltyS:		672.181 
/	TiltxO:		22.635  
/	TiltyO:		-10.595 
/	Tempco:		-0.130  
/	Drift:		-1.173  
/	DriftTime Start:	12:49:00
/	DriftDate Start:	2013/12/10

/	CG-5 OPTIONS
/	Tide Correction:    YES
/	Cont. Tilt:          NO
/	Auto Rejection:     YES
/	Terrain Corr.:       NO
/	Seismic Filter:     YES
/	Raw Data:            NO
/------LINE-----STATION-----ALT.------GRAV.---SD.--TILTX--TILTY-TEMP---TIDE---DUR-REJ-----TIME----DEC.TIME+DATE--TERRAIN---DATE
 0.0000000   0.0000000    0.0000   3866.188 7.149 1412.5 1454.6 -300.00 -0.015  60   0 12:54:49     41587.53721    0.0000  2013/12/10
 0.0000000   0.0000000    0.0000   3813.040 7.038 1411.5 1454.8 -300.00 -0.015  60   0 12:55:55     41587.53797    0.0000  2013/12/10
 0.0000000   0.0000000    0.0000   3760.675 6.946 1410.5 1455.0 -300.00 -0.016  60   0 12:57:00     41587.53872    0.0000  2013/12/10
 0.0000000   0.0000000    0.0000   3708.996 6.845 1409.8 1455.0 -300.00 -0.016  60   0 12:58:05     41587.53947    0.0000  2013/12/10
 0.0000000   0.0000000    0.0000   3658.233 6.761 1413.0 1455.5 -300.00 -0.016  60   0 12:59:10     41587.54022    0.0000  2013/12/10
 0.0000000   0.0000000    0.0000   3613.052 6.044 1411.9 1455.6 -300.00 -0.017  45   0 13:00:16     41587.54098    0.0000  2013/12/10
 0.0000000   0.0000000    0.0000   3445.635 4.142   -1.3   -2.4 -300.00 -0.018  19   0 13:04:30     41587.54392    0.0000  2013/12/10
/------LINE-----STATION-----ALT.------GRAV.---SD.--TILTX--TILTY-TEMP---TIDE---DUR-REJ-----TIME----DEC.TIME+DATE--TERRAIN---DATE
 1.0000000   1.0000000  2600.0000   3379.926 6.195   -2.9   -1.5 -300.00 -0.019  60   0 13:05:39     41587.54472    0.0000  2013/12/10
 1.0000000   1.0000000  2600.0000   3348.256 3.944   -2.9   -0.6 -300.00 -0.019  19   0 13:06:46     41587.54549    0.0000  2013/12/10
 1.0000000   1.0000000  2600.0000   1092.055 1.228   -1.3    4.9 -300.00 -0.028  21   1 14:43:43     41587.61271    0.0000  2013/12/10
 1.0000000   1.0000000  2600.0000   1092.122 0.000   -1.3    4.9 -300.00 -0.028   0   0 14:44:51     41587.61350    0.0000  2013/12/10
 1.0000000   1.0000000  2600.0000   6237.484 1.766    2.2   -2.4 -300.00 0.163  60   0 11:33:42     41754.48097    0.0000  2014/05/26
 1.0000000   1.0000000  2600.0000   6224.238 1.817    3.4   -4.9 -300.00 0.163  50   0 11:34:49     41754.48174    0.0000  2014/05/26
 1.0000000   1.0000000  2600.0000   5814.010 5.030    0.9   -1.8 -300.00 0.162  60   0 11:51:06     41754.49303    0.0000  2014/05/26
 1.0000000   1.0000000  2600.0000   5786.914 3.805    1.5   -2.1 -300.00 0.162  22   0 11:52:13     41754.49380    0.0000  2014/05/26
 1.0000000   1.0000000  2600.0000   6534.111 0.244  860.2 -1361.7 -300.00 -0.015  60   0 15:36:20     41867.64919    0.0000  2014/09/17
 1.0000000   1.0000000  2600.0000   6422.813 1.507  882.0 -1386.3 -300.00 -0.015  12   0 15:46:39     41867.65634    0.0000  2014/09/17
 1.0000000   1.0000000  2600.0000   6361.480 4.391  891.4 -1396.6 -300.00 -0.015  35   0 15:48:42     41867.65777    0.0000  2014/09/17
 1.0000000   2.0000000  2600.0000   6307.060 5.212  895.8 -1400.5 -300.00 -0.014  30   0 15:50:24     41867.65894    0.0000  2014/09/17
 1.0000000   2.0000000  2600.0000   6266.473 3.652  899.0 -1403.6 -300.00 -0.014  19   0 15:51:36     41867.65978    0.0000  2014/09/17
 1.0000000   2.0000000  2600.0000   6117.932 2.077  905.6 -1411.5 -300.00 -0.014  21   0 15:55:10     41867.66225    0.0000  2014/09/17
 1.0000000   2.0000000  2600.0000   6034.780 2.202  909.0 -1414.8 -300.00 -0.014  23   0 15:56:51     41867.66342    0.0000  2014/09/17
 1.0000000   1.0000000  2600.0000   5728.451 0.000  911.8 -1414.2 -300.00 -0.013  20   0 16:02:07     41867.66707    0.0000  2014/09/17
 1.0000000   1.0000000  2600.0000   5004.806 0.000  892.7 -1400.6 -300.00 -0.011  11   0 16:13:58     41867.67528    0.0000  2014/09/17
 1.0000000   1.0000000  2600.0000   4750.401 0.000  881.9 -1392.3 -300.00 -0.010  11   0 16:18:20     41867.67831    0.0000  2014/09/17
 1.0000000   1.0000000  2600.0000   1287.375 0.000  782.9 -1337.1 -3.58 0.100  18   0 09:01:53     41868.37571    0.0000  2014/09/18
 1.0000000   1.0000000  2600.0000   1287.271 0.000  782.2 -1337.4 -3.57 0.100  32   0 09:04:33     41868.37755    0.0000  2014/09/18
 1.0000000   1.0000000  2600.0000   1287.253 0.000  784.7 -1336.7 -3.57 0.102  23   0 10:30:11     41868.43693    0.0000  2014/09/18
 1.0000000   1.0000000  2600.0000   1287.176 0.000  784.9 -1336.7 -3.32 0.099  22   0 10:42:34     41868.44551    0.0000  2014/09/18
 1.0000000   1.0000000  2600.0000   1287.163 0.000  783.2 -1337.0 -3.48 0.069  43   0 11:59:04     41868.49855    0.0000  2014/09/18
 1.0000000   1.0000000  2600.0000   1287.121 0.000  785.1 -1337.2 -3.04 -0.023  34   0 15:06:28     41868.62848    0.0000  2014/09/18
 1.0000000   1.0000000  2600.0000   1287.260 0.000  784.1 -1336.8 -3.04 -0.027  28   0 15:20:25     41868.63816    0.0000  2014/09/18
 1.0000000   1.0000000  2600.0000   1286.987 0.000  773.7 -1340.2 -3.02 -0.031  51   0 16:37:21     41868.69150    0.0000  2014/09/18
 1.0000000   1.0000000  2600.0000   1287.009 0.000  774.5 -1341.6 -3.01 -0.030  13   0 16:44:41     41868.69658    0.0000  2014/09/18
 1.0000000   1.0000000  2600.0000   1286.898 0.000  777.2 -1341.9 -2.99 -0.003   9   0 18:06:52     41868.75356    0.0000  2014/09/18
 1.0000000   1.0000000  2600.0000   1287.035 0.000  774.4 -1341.7 -2.93 0.041  38   0 19:30:19     41868.81142    0.0000  2014/09/18
 1.0000000   1.0000000  2600.0000   1287.709 0.000  772.7 -1341.5 -3.25 0.101  14   0 09:03:33     41869.37686    0.0000  2014/09/19
 1.0000000   1.0000000  2600.0000   1287.926 0.000  764.9 -1340.0 -2.72 0.095  31   0 12:10:58     41869.50680    0.0000  2014/09/19
 1.0000000   1.0000000  2600.0000   1288.054 0.000  765.6 -1338.9 -2.77 0.038  27   0 13:36:29     41869.56610    0.0000  2014/09/19
 1.0000000   1.0000000  2600.0000   1288.224 0.000  766.4 -1338.9 -2.76 -0.022  12   0 15:09:11     41869.63037    0.0000  2014/09/19
 1.0000000   1.0000000  2600.0000   1288.020 0.000  767.6 -1339.2 -2.76 -0.047  31   0 16:31:04     41869.68714    0.0000  2014/09/19
 1.0000000   1.0000000  2600.0000   1288.283 0.000  766.2 -1338.8 -2.76 -0.048  20   0 16:39:03     41869.69267    0.0000  2014/09/19
 1.0000000   1.0000000  2600.0000   1288.329 0.000  767.0 -1339.4 -2.76 -0.045  54   0 17:14:29     41869.71724    0.0000  2014/09/19
 1.0000000   1.0000000  2600.0000   1289.329 0.000  767.8 -1340.1 -2.76 -0.045  31   0 17:16:17     41869.71849    0.0000  2014/09/19
 1.0000000   1.0000000  2600.0000    748.387 0.000 1597.2 1473.2 -2.39 -0.040  20   0 17:34:25     41869.73106    0.0000  2014/09/19
 1.0000000   1.0000000  2600.0000    748.593 0.000 1597.4 1473.3 -2.29 -0.039  22   0 17:39:04     41869.73429    0.0000  2014/09/19
 1.0000000   1.0000000  2600.0000    748.958 0.000 1597.4 1472.9 -2.14 -0.027  39   0 18:10:39     41869.75618    0.0000  2014/09/19
 1.0000000   1.0000000  2600.0000    748.853 0.000 1597.2 1473.3 -2.14 -0.015  21   0 18:31:50     41869.77087    0.0000  2014/09/19
 1.0000000   1.0000000  2600.0000    749.045 0.000 1597.2 1473.0 -2.13 -0.013  42   0 18:35:48     41869.77362    0.0000  2014/09/19
/	CG-5 SURVEY
/	Survey name:   	dia 1
/	Instrument S/N:	41120
/	Client:        	uniandes
/	Operator:      	grupo a
/	Date:          	2014/ 9/20
/	Time:          	19:20:54
/	LONG:        	74.0000000 W
/	LAT:         	4.0000000 N
/	ZONE:        	5       
/	GMT DIFF.:   	4.0 
 1.0000000   1.0000000  2600.0000   5838.975 6.218   11.6   -7.4 -300.00 0.005  60   0 19:39:44     41870.81795    0.0000  2014/09/20
 1.0000000   1.0000000  2600.0000   5813.371 9.488 -431.2 1451.5 -300.00 0.006  60   0 19:40:52     41870.81873    0.0000  2014/09/20
 1.0000000   1.0000000  2600.0000   5721.369 6.147 -211.8 1450.6 -300.00 0.006  60   0 19:41:57     41870.81949    0.0000  2014/09/20
 1.0000000   1.0000000  2600.0000   5673.763 6.789 -211.8 1451.0 -300.00 0.007  60   0 19:43:02     41870.82024    0.0000  2014/09/20
 1.0000000   1.0000000  2600.0000   5515.292 7.151   -9.0   -1.0 -300.00 0.011  60   0 19:46:38     41870.82273    0.0000  2014/09/20
 1.0000000   1.0000000  2600.0000   5514.359 12.551   -9.1   -0.8 -300.00 0.011   5   0 19:47:47     41870.82353    0.0000  2014/09/20
/	CG-5 SURVEY
/	Survey name:   	dia 2
/	Instrument S/N:	41120
/	Client:        	uniandes
/	Operator:      	grupo b c
/	Date:          	2014/ 9/21
/	Time:          	10:04:08
/	LONG:        	74.9030991 W
/	LAT:         	4.9915137 N
/	ZONE:        	0       
/	GMT DIFF.:   	0.0 
 1.0000000   1.0000000  309.8000   4789.945 5.792    2.0   -0.8 -300.00 0.133  60   0 10:21:15     41871.43073    0.0000  2014/09/21
 1.0000000   1.0000000  309.8000   4747.450 5.592    3.0    0.6 -300.00 0.134  56   0 10:22:24     41871.43153    0.0000  2014/09/21
 1.0000000   1.0000000  309.8000   4673.708 1.714   11.2    8.4 -300.00 0.135   8   0 10:24:37     41871.43307    0.0000  2014/09/21
 1.0000000   2.0000000  309.8000   3916.088 4.349  -10.0    0.3 -300.00 -0.046  26   0 10:44:18     41871.44671    0.0000  2014/09/21
 1.0000000   3.0000000  309.8000   3474.329 4.142    1.7   -7.3 -300.00 -0.038  60   0 10:58:01     41871.45622    0.0000  2014/09/21
 1.0000000   3.0000000  309.8000   3443.550 4.081   -1.9   -9.7 -300.00 -0.037  60   0 10:59:09     41871.45701    0.0000  2014/09/21
 1.0000000   3.0000000  309.8000   3424.572 1.529   -2.0   -8.1 -300.00 -0.037  11   0 11:00:15     41871.45777    0.0000  2014/09/21
 1.0000000   3.0000000  309.8000   3039.754 3.264   -4.3   -4.1 -300.00 -0.026  60   0 11:15:08     41871.46809    0.0000  2014/09/21
 1.0000000   3.0000000  309.8000   3015.512 3.214   -3.7   -2.9 -300.00 -0.025  60   0 11:16:16     41871.46888    0.0000  2014/09/21
 1.0000000   3.0000000  309.8000   3001.554 0.880   -3.6   -2.2 -300.00 -0.025   5   0 11:17:22     41871.46964    0.0000  2014/09/21
 1.0000000   4.0000000  309.8000   2656.437 2.477   -6.3   -6.3 -300.00 -0.011  60   0 11:34:36     41871.48159    0.0000  2014/09/21
 1.0000000   4.0000000  309.8000   2638.041 2.441   -8.0   -7.1 -300.00 -0.010  60   0 11:35:44     41871.48238    0.0000  2014/09/21
 1.0000000   4.0000000  309.8000   2619.921 2.403   -7.8   -6.4 -300.00 -0.009  60   0 11:36:49     41871.48313    0.0000  2014/09/21
 1.0000000   4.0000000  309.8000   2609.533 0.465   -7.7   -6.5 -300.00 -0.009   5   0 11:37:55     41871.48389    0.0000  2014/09/21
 1.0000000   4.0000000  309.8000   2461.371 2.075   -3.7   -2.9 -300.00 0.000  60   0 11:46:58     41871.49016    0.0000  2014/09/21
 1.0000000   4.0000000  309.8000   2451.842 0.703   -4.2   -2.8 -300.00 0.000  10   0 11:48:07     41871.49096    0.0000  2014/09/21
 1.0000000   7.0000000  309.8000   2220.312 1.461   -1.7   -5.9 -300.00 0.016  52   0 12:06:25     41871.50365    0.0000  2014/09/21
 1.0000000   8.0000000  309.8000   2134.295 1.401   -7.3   13.5 -300.00 0.024  60   0 12:14:38     41871.50935    0.0000  2014/09/21
 1.0000000   8.0000000  309.8000   2126.308 1.379   -7.8   14.6 -300.00 0.025  29   0 12:15:47     41871.51014    0.0000  2014/09/21
 1.0000000   9.0000000  309.8000   2000.818 1.128   -2.0    7.5 -300.00 0.038  60   0 12:29:33     41871.51969    0.0000  2014/09/21
 1.0000000   9.0000000  309.8000   1994.517 1.040   -3.8   10.9 -300.00 0.038  27   0 12:30:42     41871.52049    0.0000  2014/09/21
 1.0000000  10.0000000  309.8000   1874.117 0.869    4.4   -6.7 -300.00 0.055  60   0 12:47:22     41871.53204    0.0000  2014/09/21
 1.0000000  10.0000000  309.8000   1867.662 0.856    5.1   -7.0 -300.00 0.057  60   0 12:48:30     41871.53283    0.0000  2014/09/21
 1.0000000  10.0000000  309.8000   1864.004 0.420    7.2   -9.8 -300.00 0.057   3   0 12:49:36     41871.53359    0.0000  2014/09/21
 1.0000000  10.0000000  309.8000   1843.762 0.063    5.0   15.1 -54.99 0.079  60   9 13:12:32     41871.54949    0.0000  2014/09/21
 1.0000000  10.0000000  309.8000   1843.697 0.052   11.8   16.4 -49.33 0.080  60  15 13:13:40     41871.55028    0.0000  2014/09/21
 1.0000000  10.0000000  309.8000   1843.632 0.048   21.0   13.7 -44.31 0.081  59  16 13:14:46     41871.55104    0.0000  2014/09/21
 1.0000000  12.0000000  309.8000   1838.295 0.012  -13.0   -2.9 -9.75 0.096  60   2 13:31:52     41871.56289    0.0000  2014/09/21
 1.0000000  12.0000000  309.8000   1838.273 0.008  -14.4   -3.1 -9.03 0.097  60   2 13:33:00     41871.56368    0.0000  2014/09/21
 1.0000000  12.0000000  309.8000   1838.250 0.027  -14.1   -3.4 -8.59 0.097  17  13 13:34:06     41871.56444    0.0000  2014/09/21
 1.0000000  13.0000000  309.8000   1832.716 0.011   -3.1    1.5 -4.42 0.108  60   4 13:47:20     41871.57362    0.0000  2014/09/21
 1.0000000  13.0000000  309.8000   1832.698 0.100   -2.2    1.8 -4.32 0.109  17   2 13:48:29     41871.57442    0.0000  2014/09/21
 1.0000000   1.0020000  309.8000   1852.382 0.038   -4.7    0.8 -2.91 0.139  60  18 14:34:28     41871.60630    0.0000  2014/09/21
 1.0000000   1.0020000  309.8000   1852.368 0.041   -1.2   -0.5 -2.98 0.140  29   4 14:38:12     41871.60889    0.0000  2014/09/21
 1.0000000   1.0030000  309.8000   1852.086 0.041  -11.6   -4.6 -2.93 0.155  60   5 15:37:37     41871.65008    0.0000  2014/09/21
 1.0000000   1.0030000  309.8000   1852.083 0.065  -12.4   -7.0 -2.94 0.155  35   3 15:38:46     41871.65088    0.0000  2014/09/21
/------LINE-----STATION-----ALT.------GRAV.---SD.--TILTX--TILTY-TEMP---TIDE---DUR-REJ-----TIME----DEC.TIME+DATE--TERRAIN---DATE
 2.0000000  14.0000000  309.8000   1843.247 0.021  -11.4   -5.7 -3.04 0.154  60  20 15:50:10     41871.65878    0.0000  2014/09/21
 2.0000000  14.0000000  309.8000   1843.246 0.049  -11.8   -6.3 -3.04 0.154  21   0 15:51:19     41871.65958    0.0000  2014/09/21
 2.0000000  15.0000000  309.8000   1844.700 0.042    2.4   -5.8 -3.04 0.152  51  13 16:02:37     41871.66741    0.0000  2014/09/21
 2.0000000  16.0000000  309.8000   1846.343 0.015  -14.9   -3.1 -2.97 0.149  60  43 16:15:02     41871.67602    0.0000  2014/09/21
 2.0000000  16.0000000  309.8000   1846.339 0.030  -17.3    0.6 -2.97 0.148  30  14 16:16:11     41871.67682    0.0000  2014/09/21
 2.0000000  17.0000000  309.8000   1846.378 0.035   -4.9    1.8 -3.06 0.144  60   4 16:27:53     41871.68493    0.0000  2014/09/21
 2.0000000  17.0000000  309.8000   1846.374 0.052   -4.2    2.9 -3.06 0.144  30   7 16:29:02     41871.68573    0.0000  2014/09/21
 2.0000000  17.0000000  309.8000   1846.370 0.030   14.1   -4.4 -3.10 0.143  60  10 16:31:25     41871.68738    0.0000  2014/09/21
 2.0000000  17.0000000  309.8000   1846.371 0.030   13.8   -6.1 -3.11 0.142  52   8 16:32:34     41871.68818    0.0000  2014/09/21

/	CG-5 SETUP PARAMETERS
/	Gref:		0.000   
/	Gcal1:		8268.747
/	TiltxS:		713.120 
/	TiltyS:		672.181 
/	TiltxO:		22.635  
/	TiltyO:		-10.595 
/	Tempco:		-0.130  
/	Drift:		-1.173  
/	DriftTime Start:	12:49:00
/	DriftDate Start:	2013/12/10

/	CG-5 OPTIONS
/	Tide Correction:    YES
/	Cont. Tilt:          NO
/	Auto Rejection:     YES
/	Terrain Corr.:       NO
/	Seismic Filter:     YES
/	Raw Data:           YES
/	CG-5 SURVEY
/	Survey name:   	dia 3
/	Instrument S/N:	41120
/	Client:        	uniandes
/	Operator:      	grupo e
/	Date:          	2014/ 9/22
/	Time:          	11:26:26
/	LONG:        	74.9030991 W
/	LAT:         	4.9915137 N
/	ZONE:        	0       
/	GMT DIFF.:   	0.0 
/------LINE-----STATION-----ALT.------GRAV.---SD.--TILTX--TILTY-TEMP---TIDE---DUR-REJ-----TIME----DEC.TIME+DATE--TERRAIN---DATE
 3.0000000   3.0999999  309.8000   1851.704 0.067    1.3    7.4 -3.03 -0.054  60  16 11:12:46     41872.46645    0.0000  2014/09/22
 3.0000000   3.0999999  309.8000   1851.705 0.030    3.2    8.3 -3.03 -0.053  60  11 11:13:54     41872.46724    0.0000  2014/09/22
 3.0000000   3.0999999  309.8000   1851.706 0.077    4.0    7.9 -3.03 -0.053  11   5 11:15:00     41872.46800    0.0000  2014/09/22
 3.0000000   3.2000000  309.8000   1857.015 0.068   37.3   14.9 -2.88 -0.030  60  22 11:47:19     41872.49041    0.0000  2014/09/22
 3.0000000   3.2000000  309.8000   1857.026 0.039   57.0   15.0 -2.89 -0.029  60  17 11:48:27     41872.49119    0.0000  2014/09/22
 3.0000000   3.2000000  309.8000   1857.036 0.103   62.9   14.8 -2.90 -0.028   9   6 11:49:33     41872.49195    0.0000  2014/09/22
 3.0000000   3.3000000  309.8000   1853.764 0.016   -8.3   -2.8 -2.96 -0.017  60  35 12:01:32     41872.50026    0.0000  2014/09/22
 3.0000000   3.3000000  309.8000   1853.756 0.021   -8.0   -4.0 -2.95 -0.016  59  10 12:02:41     41872.50106    0.0000  2014/09/22
 3.0000000   4.0000000  309.8000   1853.343 0.029  -14.8   -0.8 -2.98 -0.009  60  11 12:11:23     41872.50709    0.0000  2014/09/22
 3.0000000   4.0000000  309.8000   1853.349 0.020  -20.1   -1.3 -2.99 -0.007  60   9 12:12:31     41872.50788    0.0000  2014/09/22
 3.0000000   4.0000000  309.8000   1853.358 0.020  -24.8   -1.5 -3.00 -0.007  33   4 12:13:37     41872.50864    0.0000  2014/09/22
 3.0000000   3.5000000  309.8000   1853.407 0.034   -3.9    3.6 -3.02 0.004  60  23 12:24:46     41872.51637    0.0000  2014/09/22
 3.0000000   3.5000000  309.8000   1853.371 0.775   -7.6    1.3 -3.02 0.005  18   5 12:25:55     41872.51717    0.0000  2014/09/22
 3.0000000   3.5999999  309.8000   1850.684 0.020  -10.1    6.3 -2.97 0.021  56  24 12:42:09     41872.52842    0.0000  2014/09/22
 3.0000000   3.7000000  309.8000   1852.174 0.010    9.2   -6.5 -3.01 0.029  60   9 12:49:50     41872.53375    0.0000  2014/09/22
 3.0000000   3.7000000  309.8000   1852.180 0.007   10.4   -6.8 -2.99 0.030  60  35 12:50:58     41872.53454    0.0000  2014/09/22
 3.0000000   3.7000000  309.8000   1852.188 0.143   12.8   -7.2 -2.99 0.031  14   5 12:52:04     41872.53530    0.0000  2014/09/22
 3.0000000   3.8000000  309.8000   1850.487 0.041  -12.2   10.3 -3.03 0.042  60  35 13:02:02     41872.54221    0.0000  2014/09/22
 3.0000000   3.8000000  309.8000   1850.475 0.022  -12.6   10.6 -3.02 0.043  37   5 13:03:11     41872.54301    0.0000  2014/09/22
 3.0000000   3.9000001  309.8000   1853.050 0.036   -4.7    1.1 -3.04 0.052  60  26 13:12:09     41872.54922    0.0000  2014/09/22
 3.0000000   3.9000001  309.8000   1853.047 0.081   -6.0    0.5 -3.04 0.053  30   1 13:13:18     41872.55002    0.0000  2014/09/22
 3.0000000   3.0999999  309.8000   1852.895 0.024    4.7    2.1 -3.08 0.062  60  20 13:22:09     41872.55616    0.0000  2014/09/22
 3.0000000   3.0999999  309.8000   1852.896 0.027    4.7    5.1 -3.07 0.063  60  29 13:23:17     41872.55694    0.0000  2014/09/22
 3.0000000   3.0999999  309.8000   1852.887 0.219    5.1    7.7 -3.07 0.064  30   8 13:24:23     41872.55771    0.0000  2014/09/22
 3.0000000   3.1099999  309.8000   1853.481 0.012   -6.0   -2.3 -3.04 0.085  60  20 13:45:20     41872.57223    0.0000  2014/09/22
 3.0000000   3.1099999  309.8000   1853.486 0.018   -3.0   -2.9 -3.03 0.086  56  42 13:46:29     41872.57303    0.0000  2014/09/22
 3.0000000   3.1199999  309.8000   1853.400 0.012  -28.0    1.6 -3.06 0.113  60  23 14:15:21     41872.59304    0.0000  2014/09/22
 3.0000000   3.1199999  309.8000   1853.417 0.026  -24.8   -0.1 -3.00 0.115  60  31 14:16:29     41872.59383    0.0000  2014/09/22
 3.0000000   3.1199999  309.8000   1853.425 0.041  -25.6   -0.9 -2.98 0.115  34   8 14:17:35     41872.59459    0.0000  2014/09/22
 3.0000000   3.1300001  309.8000   1850.100 0.020    2.9  -13.4 -2.96 0.123  60  11 14:27:09     41872.60122    0.0000  2014/09/22
 3.0000000   3.1300001  309.8000   1850.110 0.026   10.2  -15.7 -2.96 0.124  60  13 14:28:17     41872.60201    0.0000  2014/09/22
 3.0000000   3.1300001  309.8000   1850.135 0.016   13.5  -15.6 -2.96 0.125  30   7 14:29:23     41872.60277    0.0000  2014/09/22
 3.0000000   3.1400001  309.8000   1852.459 0.022    1.3   -6.5 -2.78 0.164  60   1 16:12:02     41872.67394    0.0000  2014/09/22
 3.0000000   3.1400001  309.8000   1852.467 0.042    3.9   -6.3 -2.76 0.164  45   3 16:13:11     41872.67474    0.0000  2014/09/22
/	CG-5 SURVEY
/	Survey name:   	dia 4
/	Instrument S/N:	41120
/	Client:        	uniandes
/	Operator:      	grupo a
/	Date:          	2014/ 9/23
/	Time:          	08:57:44
/	LONG:        	74.9030991 W
/	LAT:         	4.9915137 N
/	ZONE:        	0       
/	GMT DIFF.:   	0.0 
/------LINE-----STATION-----ALT.------GRAV.---SD.--TILTX--TILTY-TEMP---TIDE---DUR-REJ-----TIME----DEC.TIME+DATE--TERRAIN---DATE
 1.0000000   4.0100002  309.8000   4875.699 1.917  -27.6    7.9 -300.00 -0.050  60   0 09:01:09     41873.37520    0.0000  2014/09/23
 1.0000000   4.0100002  309.8000   4860.164 2.408   -9.1    3.3 -300.00 -0.050  60   0 09:02:17     41873.37598    0.0000  2014/09/23
 1.0000000   4.0100002  309.8000   4842.437 2.501   -6.2    1.6 -300.00 -0.051  60   0 09:03:22     41873.37673    0.0000  2014/09/23
 1.0000000   4.0100002  309.8000   4822.615 2.755    8.5    0.3 -300.00 -0.052  60   0 09:04:27     41873.37749    0.0000  2014/09/23
 1.0000000   4.0100002  309.8000   4809.059 1.545    1.0   -0.2 -300.00 -0.052  11   0 09:05:33     41873.37825    0.0000  2014/09/23
 1.0000000   4.0200000  309.8000   3840.756 4.945    6.7   -2.0 -300.00 -0.070  60   0 09:33:46     41873.39781    0.0000  2014/09/23
 1.0000000   4.0200000  309.8000   3804.002 4.863   -3.0   -8.1 -300.00 -0.070  60   0 09:34:54     41873.39860    0.0000  2014/09/23
 1.0000000   4.0200000  309.8000   3767.514 4.839   -2.9   -8.5 -300.00 -0.070  60   0 09:35:59     41873.39935    0.0000  2014/09/23
 1.0000000   4.0200000  309.8000   3731.558 4.775   -7.9  -13.3 -300.00 -0.071  60   0 09:37:04     41873.40010    0.0000  2014/09/23
 1.0000000   4.0200000  309.8000   3696.057 4.711  -11.7  -13.3 -300.00 -0.071  60   0 09:38:09     41873.40085    0.0000  2014/09/23
 1.0000000   4.0200000  309.8000   3661.004 4.647  -13.2  -16.0 -300.00 -0.072  60   0 09:39:14     41873.40160    0.0000  2014/09/23
 1.0000000   4.0200000  309.8000   3626.413 4.620  -19.3  -10.2 -300.00 -0.072  60   0 09:40:19     41873.40235    0.0000  2014/09/23
 1.0000000   4.0200000  309.8000   3592.268 4.529  -21.2  -12.0 -300.00 -0.073  60   0 09:41:24     41873.40310    0.0000  2014/09/23
 1.0000000   4.0200000  309.8000   3564.426 4.346  -24.9  -11.4 -300.00 -0.073  37   0 09:42:30     41873.40387    0.0000  2014/09/23
 1.0000000   4.0300002  309.8000   3197.066 3.782   -6.6    0.7 -300.00 -0.078  60   0 09:54:58     41873.41251    0.0000  2014/09/23
 1.0000000   4.0300002  309.8000   3168.951 3.730  -11.3    5.2 -300.00 -0.078  60   0 09:56:06     41873.41330    0.0000  2014/09/23
 1.0000000   4.0300002  309.8000   3141.298 3.686   -9.8    4.4 -300.00 -0.078  59   0 09:57:12     41873.41406    0.0000  2014/09/23
 1.0000000   4.0400000  309.8000   2903.098 3.018    2.7   -0.9 -300.00 -0.081  40   0 10:07:19     41873.42107    0.0000  2014/09/23
 1.0000000   4.0500002  309.8000   2708.511 2.812   23.0   -5.4 -300.00 -0.082  60   0 10:16:21     41873.42734    0.0000  2014/09/23
 1.0000000   4.0500002  309.8000   2687.718 2.760   33.1   -6.0 -300.00 -0.082  60   0 10:17:29     41873.42812    0.0000  2014/09/23
 1.0000000   4.0500002  309.8000   2622.585 2.623   -4.2    7.8 -300.00 -0.083  60   0 10:20:56     41873.43051    0.0000  2014/09/23
 1.0000000   4.0500002  309.8000   2611.453 0.581   -3.0    8.0 -300.00 -0.083   3   0 10:22:05     41873.43131    0.0000  2014/09/23
 1.0000000   4.0599999  309.8000   2369.591 1.950    2.4    1.7 -300.00 -0.083  27   0 10:36:32     41873.44133    0.0000  2014/09/23
 1.0000000   4.0700002  309.8000   2120.278 1.619    2.7    5.8 -300.00 -0.079  60   0 10:55:31     41873.45449    0.0000  2014/09/23
 1.0000000   4.0700002  309.8000   2113.125 0.570    8.1    3.4 -300.00 -0.079   8   0 10:56:40     41873.45529    0.0000  2014/09/23
 1.0000000   4.0799999  309.8000   2013.643 1.391   11.4   -1.3 -300.00 -0.076  60   0 11:05:38     41873.46151    0.0000  2014/09/23
 1.0000000   4.0799999  309.8000   2006.474 1.017   11.8   -0.1 -300.00 -0.076  20   0 11:06:47     41873.46230    0.0000  2014/09/23
 1.0000000   4.0900002  309.8000   1783.087 0.896   -5.8   -6.1 -300.00 -0.062  60   0 11:35:33     41873.48225    0.0000  2014/09/23
 1.0000000   4.0900002  309.8000   1778.779 0.411   -7.1   -7.0 -300.00 -0.062  13   0 11:36:42     41873.48305    0.0000  2014/09/23
 1.0000000   4.0999999  309.8000   1753.101 0.056   -3.3    5.7 -248.29 -0.055  57  32 11:47:17     41873.49038    0.0000  2014/09/23
 1.0000000   4.1100001  309.8000   1753.902 0.067   -9.5    9.6 -87.78 -0.048  56  17 11:56:34     41873.49682    0.0000  2014/09/23
 1.0000000   4.1199999  309.8000   1756.291 0.039    3.6   -2.4 -26.79 -0.040  49  33 12:08:28     41873.50507    0.0000  2014/09/23
 1.0000000   4.1300001  309.8000   1749.471 0.060    1.7   -1.9 -12.49 -0.032  37  13 12:17:16     41873.51117    0.0000  2014/09/23
 1.0000000   4.1399999  309.8000   1743.536 0.030    6.9    1.4 -6.17 -0.023  54  33 12:27:18     41873.51813    0.0000  2014/09/23
 1.0000000   4.1500001  309.8000    336.638 0.000    0.0    0.0 0.00 -0.008   0   0 12:43:26     41873.52931    0.0000  2014/09/23
 1.0000000   4.1599998  309.8000   1773.169 0.059    2.0    6.7 -2.70 0.085  60  27 14:10:36     41873.58975    0.0000  2014/09/23
 1.0000000   4.1700001  309.8000   1735.835 0.069    3.6    5.3 -2.80 0.139  38  18 15:12:01     41873.63233    0.0000  2014/09/23
 1.0000000   4.1799998  309.8000   1736.007 0.034    4.9   -5.6 -2.80 0.147  60  29 15:24:17     41873.64084    0.0000  2014/09/23
 1.0000000   4.1799998  309.8000   1735.999 0.100    2.6   -5.3 -2.79 0.148  25   5 15:25:26     41873.64163    0.0000  2014/09/23
 1.0000000   4.1900001  309.8000   1737.703 0.123  -15.1  -22.3 -2.86 0.153  60  27 15:33:53     41873.64749    0.0000  2014/09/23
 1.0000000   4.1900001  309.8000   1737.705 0.281  -20.3  -25.7 -2.85 0.153  35  23 15:35:02     41873.64829    0.0000  2014/09/23
 1.0000000   4.1900001  309.8000   1737.698 0.110    6.3   -5.1 -2.85 0.154  43   8 15:36:11     41873.64909    0.0000  2014/09/23
 1.0000000   4.1900001  309.8000    633.771 2.394 -1608.7 1471.9 -2.87 0.155   2   0 15:38:22     41873.65060    0.0000  2014/09/23
 1.0000000   4.1999998  309.8000   1773.261 0.015    2.6   -8.5 -2.75 0.153  60  30 17:33:03     41873.73011    0.0000  2014/09/23
 1.0000000   4.1999998  309.8000   1773.227 0.423    7.1   -4.9 -2.74 0.152  22  13 17:34:12     41873.73091    0.0000  2014/09/23
 1.0000000   4.1999998  309.8000   1773.255 0.028   23.2  -12.2 -2.75 0.151  60  38 17:35:27     41873.73178    0.0000  2014/09/23
 1.0000000   4.1999998  309.8000   1773.266 0.019   26.1  -12.6 -2.76 0.151  60  19 17:36:35     41873.73256    0.0000  2014/09/23
 1.0000000   4.1999998  309.8000   1773.253 0.044   -9.2    4.3 -2.82 0.149  60  41 17:39:24     41873.73452    0.0000  2014/09/23
 1.0000000   4.1999998  309.8000   1773.250 0.018   -9.0    3.3 -2.85 0.148  60  32 17:40:32     41873.73530    0.0000  2014/09/23
 1.0000000   4.1999998  309.8000   1773.254 0.017   -9.2    4.0 -2.88 0.148  60  11 17:41:37     41873.73605    0.0000  2014/09/23
 1.0000000   4.1999998  309.8000   1773.231 0.095   -9.6    3.7 -2.89 0.148   7   1 17:42:43     41873.73682    0.0000  2014/09/23
 1.0000000   4.2100000  309.8000   1773.258 0.038    6.7   15.7 -2.91 0.147  59  36 17:43:11     41873.73714    0.0000  2014/09/23
 1.0000000   4.2199998  309.8000   1773.237 0.121    5.0   -4.6 -2.93 0.146  16   8 17:44:48     41873.73826    0.0000  2014/09/23