1.0000000   6.0100002  309.8000   5175.858 1.172    9.4   -7.7 -300.00 0.030  50   0 08  32  35     41875.35539    0.0000  
1.0000000   6.0200000  309.8000   4077.599 4.406   -5.7    2.5 -300.00 -0.006  50   0 09  08  40     41875.38041    0.0000  
1.0000000   6.0300002  309.8000   2949.284 2.621   10.4   -1.5 -300.00 -0.041  50   0 09  47  57     41875.40765    0.0000  
1.0000000   6.0400000  309.8000   2655.825 2.131   -9.0   13.4 -300.00 -0.053  50   0 10  02  54     41875.41801    0.0000  
1.0000000   6.0500002  309.8000   2440.256 1.757   -7.4    7.8 -300.00 -0.061  50   0 10  16  19     41875.42731    0.0000  
1.0000000   6.0599999  309.8000   2243.358 1.474    0.4    1.2 -300.00 -0.069  50   0 10  31  05     41875.43755    0.0000  
1.0000000   6.0700002  309.8000   2097.565 1.162  -13.3    5.8 -300.00 -0.075  50   0 10  45  07     41875.44728    0.0000    
1.0000000   6.0799999  309.8000   1993.606 0.978   -7.4   -8.5 -300.00 -0.079  50   0 10  56  59     41875.45551    0.0000    
1.0000000   6.0900002  309.8000   1862.592 0.772   -6.6   -6.5 -300.00 -0.083  50   0 11  15  33     41875.46838    0.0000  
1.0000000   6.0999999  309.8000   1836.968 0.036   -3.5    5.2 -142.45 -0.083  50   6 11  31  50     41875.47967    0.0000   
1.0000000   6.1100001  309.8000   1836.070 0.063   -5.6   -1.6 -24.99 -0.081  50  27 11  49  01     41875.49158    0.0000   
2.0000000   6.1300001  309.8000   1845.402 0.077  -11.8    0.9 -3.17 0.037  50  26 14  27  30     41875.60147    0.0000   
2.0000000   6.1399999  309.8000   1846.594 0.069    2.5   -7.6 -3.12 0.051  50   3 14  39  41     41875.60991    0.0000  
2.0000000   6.1500001  309.8000   1848.228 0.243    8.7    3.0 -3.05 0.064  50  14 14  51  59     41875.61844    0.0000   
2.0000000   6.1599998  309.8000   1849.599 0.187   34.6    1.5 -3.02 0.076  50  16 15  04  18     41875.62698    0.0000   
2.0000000   6.1700001  309.8000   1851.226 0.098   -1.1   -1.7 -3.03 0.085  50  18 15  13  21     41875.63326    0.0000  
2.0000000   6.1799998  309.8000   1852.279 0.086   -5.0   -7.0 -3.08 0.100  50  22 15  27  56     41875.64337    0.0000 
2.0000000   6.1900001  309.8000   1851.859 0.125    0.0  -10.0 -3.09 0.114  50  16 15  44  08     41875.65460    0.0000  
2.0000000   6.1999998  309.8000   1850.173 0.039   -7.9   10.2 -3.10 0.124  50  11 15  56  26     41875.66313    0.0000  
2.0000000   6.2100000  309.8000   1849.042 0.059  -16.6   -1.9 -3.06 0.131  50  17 16  05  48     41875.66962    0.0000    
2.0000000   6.2199998  309.8000   1846.823 0.118   -0.7    4.1 -3.06 0.138  50  19 16  15  50     41875.67658    0.0000   
2.0000000   6.2300000  309.8000   1846.074 0.053   -6.7   -1.4 -3.05 0.144  50  11 16  26  11     41875.68375    0.0000   
2.0000000   6.2399998  309.8000   1845.523 0.083   -3.6    4.0 -3.07 0.149  50   9 16  33  40     41875.68894    0.0000   
2.0000000   6.2500000  309.8000   1835.368 0.239  -12.2   -8.3 -2.83 0.161  50   7 17  10  30     41875.71448    0.0000  
2.0000000   6.2600002  309.8000   1776.437 0.211  -13.8    1.0 -2.71 0.163  50  26 17  41  56     41875.73627    0.0000  
