1.0000000   6.0100002  309.8000   5168.334 1.318   11.5   -7.4 -300.00 0.030  29   0 08  33  31     41875.35604    0.0000
1.0000000   6.0200000  309.8000   4048.471 4.085   -6.1    4.0 -300.00 -0.006  36   0 09  09  39     41875.38109    0.0000 
1.0000000   6.0300002  309.8000   2933.718 2.769    9.7   -1.7 -300.00 -0.042  26   0 09  48  56     41875.40833    0.0000
1.0000000   6.0400000  309.8000   2646.452 0.426   -9.4   13.2 -300.00 -0.053   4   0 10  03  53     41875.41869    0.0000
1.0000000   6.0500002  309.8000   2429.509 1.762   -5.6   10.8 -300.00 -0.062  29   0 10  17  18     41875.42799    0.0000 
1.0000000   6.0599999  309.8000   2235.226 1.317    2.1   -2.9 -300.00 -0.070  23   0 10  32  04     41875.43823    0.0000  
1.0000000   6.0700002  309.8000   2092.693 0.208  -12.1    6.0 -300.00 -0.076   1   0 10  46  06     41875.44796    0.0000
1.0000000   6.0799999  309.8000   2332.434 0.000   -7.4   -8.5 -300.00 -0.079   0   0 10  57  58     41875.45619    0.0000
1.0000000   6.0900002  309.8000   1857.026 0.729   -5.9  -10.1 -300.00 -0.083  50   0 11  16  31     41875.46905    0.0000
1.0000000   6.0999999  309.8000   1836.886 0.031   -2.4    5.6 -131.84 -0.083  24   9 11  32  49     41875.48035    0.0000
1.0000000   6.1100001  309.8000   1836.070 0.063   -5.6   -1.6 -24.99 -0.081  50  27 11  49  01     41875.49158    0.0000  
2.0000000   6.1300001  309.8000   1845.413 0.094  -12.4    0.6 -3.18 0.038  21   5 14  28  29     41875.60215    0.0000
2.0000000   6.1399999  309.8000   1846.592 0.201    3.1   -9.3 -3.11 0.051  24   2 14  40  40     41875.61060    0.0000    
2.0000000   6.1500001  309.8000   1848.214 0.219   14.1    4.3 -3.04 0.065  22   9 14  52  58     41875.61912    0.0000 
2.0000000   6.1599998  309.8000   1849.587 0.120   37.2   -6.1 -3.01 0.077  36  18 15  05  17     41875.62766    0.0000 
2.0000000   6.1700001  309.8000   1851.238 0.112   -4.9    1.0 -3.02 0.086  21   5 15  14  20     41875.63394    0.0000  
2.0000000   6.1799998  309.8000   1852.288 0.072    1.6   -3.1 -3.08 0.101  47  26 15  28  55     41875.64405    0.0000 
2.0000000   6.1900001  309.8000   1851.830 0.190    0.5  -11.3 -3.09 0.115  20   2 15  45  07     41875.65528    0.0000  
2.0000000   6.1999998  309.8000   1850.159 0.135   -8.7    9.6 -3.08 0.125  21   6 15  57  25     41875.66381    0.0000  
2.0000000   6.2100000  309.8000   1849.028 0.186  -19.3   -1.4 -3.05 0.131  20   5 16  06  47     41875.67030    0.0000
2.0000000   6.2199998  309.8000   1846.829 0.109   -0.7    4.4 -3.06 0.138  21   0 16  16  46     41875.67722    0.0000 
2.0000000   6.2300000  309.8000   1846.076 0.112   -5.5   -0.1 -3.05 0.145  21   1 16  27  10     41875.68444    0.0000 
2.0000000   6.2399998  309.8000   1845.507 0.313   -2.9    5.4 -3.06 0.149  21   7 16  34  39     41875.68962    0.0000 
2.0000000   6.2500000  309.8000   1835.168 0.077  -11.9   -7.6 -2.83 0.162  20   1 17  11  29     41875.71516    0.0000  
2.0000000   6.2600002  309.8000   1776.391 0.422  -11.3    0.0 -2.72 0.163  20   2 17  42  55     41875.73696    0.0000  
